# oST version 5.0 parameters


[image]

width
1280

height
960

[narrow_stereo]

camera matrix
1256.305788 0.000000 628.093328
0.000000 1260.497806 503.531028
0.000000 0.000000 1.000000

distortion
0.057681 -0.216701 0.003598 0.001402 0.000000

rectification
1.000000 0.000000 0.000000
0.000000 1.000000 0.000000
0.000000 0.000000 1.000000

projection
1256.154297 0.000000 628.659732 0.000000
0.000000 1263.690918 505.113060 0.000000
0.000000 0.000000 1.000000 0.000000

