image_width: 1280
image_height: 960
camera_name: loki2
camera_matrix:
  rows: 3
  cols: 3
  data: [1264.137698, 0, 615.806255, 0, 1272.169222, 508.514425, 0, 0, 1]
distortion_model: plumb_bob
distortion_coefficients:
  rows: 1
  cols: 5
  data: [0.062191, -0.182897, 0.005244, -0.002799, 0]
rectification_matrix:
  rows: 3
  cols: 3
  data: [1, 0, 0, 0, 1, 0, 0, 0, 1]
projection_matrix:
  rows: 3
  cols: 4
  data: [1268.588379, 0, 612.01055, 0, 0, 1278.495483, 511.328055, 0, 0, 0, 1, 0]